1 (3)
1
10
100
1000 (2)
1000
10004
10005
10006
10009
1001
10010
10012
10014
10015
10017
10018
10019
1002 (2)
1002 (3)
1002
10020
10022
10025
10029
1003
10031
10033
10034
10035
10036
10038
10039
10041
10042
10045
10046
10047
10048
10049
1005 (2)
1005 (3)
10052
1006 (2)
1006 (3)
10060
10062
10076
10078
1008
10080
10082
10083
10084
10085
10088
10089
1009
10092
10093
10099
101 (2)
101
10101
10105
10109
1011 (2)
1011
10111
10113
1012
1013
1014 (2)
1015 (2)
1015 (3)
1016 (2)
1016
1017
1018
102
1020 (2)
1020
1021 (2)
1021
1022
1023 (2)
1023
1024 (2)
1024
1025 (2)
1025
1026 (2)
1026
1027 (3)
1028
1029 (2)
1029
103 (3)
103
1030
1031 (2)
1032 (2)
1032 (3)
1032
1034 (2)
1034
1035
1036
1037 (2)
1039 (2)
1039
1040
1041
1042
1043
1044
1045 (2)
1045
1046
1053
1057
106 (2)
106
1061
1062
1063
1064
1069 (2)
107
1071
1073 (2)
1073
1074
1075
1079
108 (2)
108
1082
1088
109 (2)
109
1094 (2)
1094
1098
11 (2)
11
110 (2)
110
1102
1104
1105
1111
1112
1114 (2)
1114
1115
112
1120
1125
1126
1128
1136 (2)
1136
1138
114
1141
1142 (2)
1143
1145
1147
115
1151
1152
1156 (2)
1158
116
1161
1166 (2)
1166
1167
1178
118
1180
1182
1184
1186 (2)
1188
119 (2)
1190
1194
120 (2)
120
1205
1206
1207
121
1210
1213
1214
1215
1217
122 (2)
122
1220 (2)
1223
1224
1228
1229
123
1233
1235
1240
1243
1245
1247
1257
126
1265
1267
1268
127
1270 (2)
1270
1274
1278 (2)
1278
128 (2)
128
1285
1286 (2)
129
1293
1296
1298
13
130 (3)
130
1300 (2)
1300
1301
1302
1307
131
1314
1318
132
1321
1323
1324
1325
1332
1335
1336
134
1342
1348
135 (2)
135
1357 (2)
136
1361
1362
1364
137
1371
1373
1374
1378
138 (2)
138 (3)
138
1385
1387
1389
139
1391
1393
1399
14
140 (2)
1403
1410
1415
142 (2)
1423
1426
143 (2)
143
1433
1438
144
1441
1450
1451
146 (2)
146 (3)
146
1467
147
148
1480
1483
1488
149 (2)
149
15
150
152
153
154 (2)
154
155
1569
157
158
1589
159
1592
16 (2)
16
161
162 (2)
162
164
165
167
17
172 (2)
173
175
177 (2)
178 (2)
18 (2)
181
184 (2)
186
188
189
190
193
194
20
201
204
207
210
212
213
216
217
218
219
22
220
221 (2)
222 (2)
222
223 (2)
223
229 (2)
229
23
239
24
240
242
244
245 (2)
245
247
249 (2)
249
252
253
254
256
257
259
26
260
262
263
267 (2)
267
269
271 (2)
271
273
276
277
28 (2)
28
280
281
282 (2)
282
283
285
288
29 (2)
29
291
293
295
297 (2)
297
298
30
301
303
304
305
306
308
31 (2)
311
313 (2)
313
314 (2)
314
32 (2)
322
323
324
325
326
328
33
330
331
335 (2)
335
34
342
344
345
346
347
348
349
351 (2)
351
354
359 (2)
359
36 (2)
36
363
366
368
37
371
374 (2)
375
377
379
383
386 (2)
386
387
39
391
393
394 (3)
394
398
40
400
403
41 (2)
41
412 (3)
413
414 (2)
414 (3)
414
421
422
423 (2)
426
427 (2)
427
428
429
43
430
431
434
437 (2)
439
440
444
447
448
45
451 (2)
451
452 (2)
452
458
459
461
462
465
467
47
470
472 (2)
472
473
474
476 (2)
476
481 (2)
481
482
483
484
486 (2)
486
487
488
490
491
493
496
499
5
50
500
51
511
512
518
520
521
523
525 (2)
525
526
530
531
535
536 (2)
536
539
545
547 (2)
547
55
551
553
557
559
560
561
563
570
574
575
576
578 (2)
578
579
581
582
585
586 (2)
597 (2)
597
598 (2)
6 (2)
6
603
605
607
608 (2)
608
615
616
620
621
622 (2)
622
624 (2)
624
627
630
633 (2)
634
636
64
644 (2)
644
650
651
653
657 (2)
657
658
663
665 (2)
666 (2)
666
671
674
676
678
679 (2)
679
68
680
687
691
694 (2)
694
697
699
701
704
705
707
709
716
717 (2)
717
724
727
728
729 (2)
729
734
736
737 (2)
737
738
744
746 (2)
751 (2)
751
753
754 (2)
754
755
756
760 (2)
760
766 (2)
766
767
770
771 (2)
774
775
777 (2)
781 (2)
781
782 (2)
782
783
790
791 (2)
791 (3)
791
794
797
801
803
805 (2)
805
811 (2)
816
817
818
819 (2)
819
820
822
825
827 (2)
827
831
832
833
835 (2)
835
839
843
844
845
848 (2)
848
852 (2)
852
853 (2)
853
860
863
866
870
871
873
874 (2)
882
885
888
890
895
902
910
916
945
951
967
969
{no.110001} (16)
{no.110001} (37)
