1 0.8848940409346133 0.7041564792176038 0.22984966491577613 0.22113556098886172
1 0.7400833182394494 0.6787557728878022 0.26372034051802207 0.1795707688128226
1 0.6378373483064662 0.6331160010866612 0.2193443216808549 0.15729421352893236
1 0.41405542474189455 0.6121977723444716 0.13693171526897302 0.1154577560445531
1 0.51865604057236 0.6291768541157294 0.17080239087121898 0.13691931540342298
1 0.22858177866328563 0.5707688128226025 0.12026806737909798 0.10920945395273023
1 0.2964136931715269 0.5721271393643031 0.13638833544647708 0.08693289866883999
1 0.3343597174424923 0.6082586253735398 0.14707480528889694 0.1271393643031785
1 0.05044376018837167 0.5343656615050257 0.08060134033689549 0.06682966585167074
1 0.08331823944937511 0.5427872860635696 0.07643542836442674 0.05704971475142624
1 0.10912878101793154 0.5445531105677804 0.08168809998188734 0.060581363759847864
