1 0.574160447761194 0.9102466793168881 0.06389925373134328 0.0952561669829222
1 0.6654617537313433 0.7986717267552182 0.05713619402985075 0.08538899430740038
1 0.5747434701492538 0.74573055028463 0.04547574626865671 0.06148007590132827
1 0.5755597014925373 0.5688804554079696 0.018656716417910446 0.03111954459203036
1 0.6028451492537313 0.5485768500948767 0.018656716417910446 0.022390891840607212
1 0.6296641791044776 0.5502846299810247 0.03171641791044776 0.052371916508538896
1 0.6723414179104478 0.5041745730550284 0.0228544776119403 0.04364326375711575
1 0.7574626865671642 0.5747628083491461 0.02845149253731343 0.0428842504743833
1 0.8959888059701492 0.681404174573055 0.061567164179104475 0.07096774193548387
1 0.35902518656716415 0.9218216318785578 0.09025186567164178 0.1540796963946869
1 0.40111940298507465 0.8314990512333966 0.05503731343283582 0.09411764705882353
1 0.44496268656716415 0.7679316888045541 0.05457089552238806 0.06489563567362429
1 0.4709654850746269 0.6969639468690702 0.03334888059701493 0.05806451612903226
1 0.4906716417910448 0.6637571157495256 0.03125 0.04098671726755218
1 0.18645055970149255 0.9724857685009488 0.10331156716417911 0.05426944971537002
1 0.15613339552238806 0.9075901328273245 0.0972481343283582 0.10740037950664137
1 0.2890625 0.8698292220113852 0.07905783582089553 0.09943074003795066
1 0.255830223880597 0.8041745730550285 0.06389925373134328 0.07817836812144212
1 0.2934934701492537 0.7588235294117647 0.0552705223880597 0.06565464895635674
1 0.36637126865671643 0.7777988614800759 0.05690298507462686 0.06641366223908918
1 0.3541277985074627 0.7053130929791271 0.0408115671641791 0.05351043643263757
1 0.13141324626865672 0.6719165085388994 0.06553171641791045 0.06489563567362429
1 0.039995335820895525 0.6992409867172675 0.06926305970149253 0.0603415559772296
1 0.07334421641791045 0.6671726755218216 0.05853544776119403 0.05313092979127135
1 0.17630597014925373 0.650853889943074 0.04151119402985075 0.047058823529411764
1 0.39925373134328357 0.7284629981024668 0.03824626865671642 0.048197343453510434
1 0.42257462686567165 0.6939278937381405 0.03824626865671642 0.05351043643263757
1 0.4390158582089552 0.6609108159392789 0.029617537313432835 0.03757115749525616
1 0.3935401119402985 0.6601518026565465 0.03661380597014925 0.03908918406072106
1 0.41546175373134325 0.637381404174573 0.0240205223880597 0.02922201138519924
1 0.43843283582089554 0.6165085388994307 0.026119402985074626 0.03225806451612903
1 0.44694496268656714 0.5956356736242884 0.02028917910447761 0.03453510436432638
1 0.4603544776119403 0.5823529411764706 0.021921641791044777 0.027703984819734344
1 0.46746735074626866 0.6204933586337761 0.026352611940298507 0.029601518026565465
1 0.4865904850746269 0.6005692599620494 0.020755597014925374 0.028462998102466792
1 0.4919542910447761 0.6370018975332068 0.02728544776119403 0.014041745730550285
1 0.5067630597014925 0.6261859582542695 0.021921641791044777 0.025047438330170778
1 0.5130597014925373 0.6081593927893738 0.02005597014925373 0.018595825426944972
1 0.23938899253731344 0.613472485768501 0.0552705223880597 0.03984819734345351
1 0.27681902985074625 0.596584440227704 0.03404850746268657 0.025806451612903226
1 0.30002332089552236 0.5804554079696395 0.03101679104477612 0.03453510436432638
1 0.3257929104477612 0.5740037950664136 0.025652985074626867 0.02314990512333966
1 0.34270055970149255 0.5618595825426945 0.02681902985074627 0.02922201138519924
1 0.7924440298507462 0.481404174573055 0.03917910447761194 0.045920303605313094
1 0.7720382462686567 0.4777988614800759 0.02355410447761194 0.037191650853889945
1 0.7462686567164178 0.4760910815939279 0.025652985074626867 0.040607210626185955
1 0.7235307835820896 0.4764705882352941 0.02728544776119403 0.038330170777988615
1 0.5789412313432836 0.5231499051233397 0.014225746268656716 0.014041745730550285
1 0.5777751865671642 0.5444022770398482 0.017490671641791043 0.012523719165085389
1 0.5973647388059702 0.5062618595825427 0.014225746268656716 0.019734345351043642
1 0.6160214552238806 0.5155597722960151 0.01189365671641791 0.017077798861480076
1 0.5813899253731343 0.5089184060721063 0.009328358208955223 0.01062618595825427
1 0.5212220149253731 0.5916508538899431 0.016791044776119403 0.026565464895635674
1 0.5276352611940298 0.5743833017077798 0.014225746268656716 0.027703984819734344
1 0.5319496268656716 0.5563567362428843 0.01632462686567164 0.02049335863377609
1 0.4966184701492537 0.5639468690702087 0.03101679104477612 0.056925996204933584
1 0.4742304104477612 0.5652751423149905 0.017024253731343284 0.023908918406072108
1 0.3631063432835821 0.5347248576850094 0.04710820895522388 0.06223908918406072
1 0.13211287313432835 0.6161290322580645 0.04361007462686567 0.04364326375711575
1 0.08815298507462686 0.6056925996204934 0.045242537313432835 0.05161290322580645
1 0.17805503731343283 0.6115749525616698 0.062266791044776115 0.0793168880455408
1 0.3923740671641791 0.5341555977229602 0.014692164179104477 0.02922201138519924
1 0.4322527985074627 0.510246679316888 0.030083955223880597 0.03453510436432638
1 0.4141791044776119 0.5258064516129032 0.016791044776119403 0.02314990512333966
