1 0.236 0.7126250000000001 0.18366666666666667 0.30575
1 0.7824166666666666 0.542 0.16583333333333333 0.20450000000000002
1 0.6940833333333333 0.21937500000000001 0.10083333333333333 0.14225000000000002
1 0.8559166666666667 0.23925000000000002 0.1245 0.1555
1 0.9518333333333333 0.449125 0.096 0.18925
1 0.8668333333333333 0.88725 0.25666666666666665 0.225
1 0.10275 0.958875 0.20149999999999998 0.08175
1 0.31066666666666665 0.417125 0.14466666666666667 0.20525000000000002
1 0.09858333333333333 0.44025000000000003 0.17416666666666666 0.20350000000000001
1 0.21 0.252625 0.122 0.14675
1 0.3610833333333333 0.21125 0.10416666666666666 0.1475
1 0.39599999999999996 0.09275 0.077 0.088
1 0.24133333333333332 0.137625 0.11133333333333333 0.12625
1 0.048 0.216625 0.09633333333333333 0.13525
1 0.5424166666666667 0.074375 0.09016666666666666 0.08525
1 0.6721666666666667 0.09225 0.096 0.1085
1 0.74 0.051250000000000004 0.07166666666666667 0.08
