0 0.4902777777777778 0.5576388888888889 0.8305555555555556 0.3680555555555556
1 0.545138888888889 0.36041666666666666 0.036111111111111115 0.022685185185185187
1 0.6038194444444445 0.3594907407407408 0.04097222222222222 0.018055555555555557
1 0.68125 0.36064814814814816 0.03333333333333333 0.022222222222222223
1 0.3357638888888889 0.3599537037037037 0.04930555555555556 0.03657407407407408
1 0.2572916666666667 0.36203703703703705 0.05486111111111111 0.025
1 0.20555555555555557 0.36041666666666666 0.0375 0.018055555555555557
1 0.14618055555555556 0.36041666666666666 0.04652777777777778 0.01990740740740741
1 0.027083333333333334 0.36435185185185187 0.05555555555555556 0.02962962962962963
1 0.8097222222222222 0.36342592592592593 0.04027777777777778 0.022222222222222223
1 0.7173611111111111 0.35856481481481484 0.03333333333333333 0.016203703703703703
1 0.4277777777777778 0.3550925925925926 0.03333333333333333 0.01388888888888889
