1 0.2945 0.6990000000000001 0.353 0.277
1 0.7025 0.68625 0.39766666666666667 0.2765
1 0.7745 0.4915 0.223 0.154
1 0.8514999999999999 0.395 0.135 0.075
1 0.8109999999999999 0.335 0.08133333333333333 0.056
1 0.7155 0.37775000000000003 0.12166666666666666 0.0575
1 0.605 0.41100000000000003 0.13533333333333333 0.096
1 0.37066666666666664 0.41325 0.12266666666666666 0.0795
1 0.4845 0.51425 0.30166666666666664 0.1585
1 0.21 0.48275 0.21733333333333332 0.1235
1 0.26516666666666666 0.371 0.111 0.073
1 0.13983333333333334 0.35325 0.10433333333333333 0.0725
1 0.23533333333333334 0.3085 0.076 0.054
1 0.3318333333333333 0.32925 0.077 0.0675
1 0.42116666666666663 0.3395 0.07766666666666666 0.065
1 0.48566666666666664 0.3845 0.10866666666666666 0.057
1 0.507 0.29775 0.08333333333333333 0.0635
1 0.5745 0.343 0.08966666666666666 0.058
1 0.6675 0.3315 0.081 0.042
